1 0.3346153846153846 0.5905759162303665 0.37538461538461537 0.33507853403141363
5 0.6034615384615385 0.6010471204188481 0.031538461538461536 0.08795811518324607
5 0.3776923076923077 0.44345549738219897 0.03538461538461538 0.061780104712041886
5 0.35884615384615387 0.4293193717277487 0.023076923076923078 0.06492146596858639
5 0.32846153846153847 0.44345549738219897 0.03769230769230769 0.061780104712041886
5 0.32384615384615384 0.4083769633507853 0.01769230769230769 0.02931937172774869
5 0.31038461538461537 0.4293193717277487 0.021538461538461538 0.04607329842931937
5 0.29730769230769233 0.4319371727748691 0.026153846153846153 0.06806282722513089
5 0.2776923076923077 0.4340314136125654 0.031538461538461536 0.07225130890052356
5 0.27576923076923077 0.39162303664921466 0.012307692307692308 0.018848167539267015
5 0.24846153846153846 0.4162303664921466 0.02076923076923077 0.05549738219895288
5 0.2373076923076923 0.3973821989528796 0.016923076923076923 0.030366492146596858
5 0.26 0.39162303664921466 0.03 0.04607329842931937