2 0.30716145833333336 0.8722222222222222 0.19869791666666667 0.2490740740740741
2 0.70625 0.9078703703703703 0.20572916666666666 0.1824074074074074
2 0.690625 0.7122685185185185 0.1796875 0.2449074074074074
2 0.35403645833333336 0.74375 0.17890625 0.24861111111111112
2 0.634375 0.6189814814814815 0.14739583333333334 0.18981481481481483
2 0.35052083333333334 0.5835648148148148 0.14479166666666668 0.15231481481481482
2 0.11223958333333334 0.34328703703703706 0.0796875 0.10601851851851851
2 0.373828125 0.5185185185185185 0.10546875 0.12222222222222222
2 0.394921875 0.4479166666666667 0.11171875 0.18194444444444444
2 0.712890625 0.3527777777777778 0.07213541666666666 0.10833333333333334
2 0.029296875 0.41226851851851853 0.05859375 0.17083333333333334
2 0.43580729166666665 0.33587962962962964 0.07265625 0.10138888888888889
2 0.17174479166666667 0.3141203703703704 0.05390625 0.08657407407407407
2 0.5729166666666666 0.3814814814814815 0.04583333333333333 0.12129629629629629
6 0.37408854166666666 0.25763888888888886 0.023177083333333334 0.050462962962962966
2 0.5723958333333333 0.33819444444444446 0.06614583333333333 0.10231481481481482
2 0.21197916666666666 0.3085648148148148 0.059375 0.07731481481481481
7 0.6489583333333333 0.44675925925925924 0.1625 0.28055555555555556
2 0.22838541666666667 0.9907407407407407 0.1453125 0.016666666666666666
7 0.456640625 0.2831018518518518 0.06744791666666666 0.16157407407407406
7 0.556640625 0.30416666666666664 0.06276041666666667 0.1111111111111111
2 0.40989583333333335 0.3680555555555556 0.0875 0.06759259259259259
2 0.5013020833333334 0.3272569444444444 0.021484375 0.041087962962962965
2 0.3123372395833333 0.2829861111111111 0.0166015625 0.03009259259259259
2 0.3463541666666667 0.2980324074074074 0.016276041666666668 0.017361111111111112
7 0.3380533854166667 0.3070023148148148 0.0185546875 0.02141203703703704
2 0.2540690104166667 0.30005787037037035 0.0185546875 0.05150462962962963
2 0.2887369791666667 0.26707175925925924 0.01953125 0.02025462962962963
2 0.2542317708333333 0.2583912037037037 0.016276041666666668 0.022569444444444444
2 0.32080078125 0.25578703703703703 0.0185546875 0.015046296296296295