2 0.91953125 0.7537037037037037 0.15989583333333332 0.30185185185185187
2 0.4786458333333333 0.7421296296296296 0.15208333333333332 0.2712962962962963
5 0.6416666666666667 0.8143518518518519 0.13958333333333334 0.3675925925925926
2 0.5455729166666666 0.7685185185185185 0.16197916666666667 0.28703703703703703
1 0.3380208333333333 0.649537037037037 0.13333333333333333 0.262037037037037
5 0.284375 0.8467592592592592 0.13333333333333333 0.30277777777777776
2 0.6888020833333334 0.6741898148148148 0.07942708333333333 0.1412037037037037
3 0.7783203125 0.796875 0.07877604166666667 0.2037037037037037
5 0.7750651041666666 0.6510416666666666 0.060546875 0.1550925925925926
5 0.15755208333333334 0.8153935185185185 0.10546875 0.3194444444444444
5 0.07486979166666667 0.6915509259259259 0.0546875 0.13657407407407407
0 0.07389322916666667 0.7696759259259259 0.055338541666666664 0.17476851851851852
1 0.1396484375 0.5758101851851852 0.12825520833333334 0.1388888888888889
1 0.21907552083333334 0.5393518518518519 0.083984375 0.1400462962962963
1 0.045572916666666664 0.5387731481481481 0.057291666666666664 0.16435185185185186