2 0.5041666666666667 0.7578703703703704 0.15 0.2898148148148148
5 0.06484375 0.7106481481481481 0.0453125 0.16018518518518518
2 0.5541666666666667 0.7833333333333333 0.12395833333333334 0.3074074074074074
5 0.6315104166666666 0.8083333333333333 0.12864583333333332 0.37962962962962965
5 0.25416666666666665 0.6893518518518519 0.06770833333333333 0.19722222222222222
2 0.38333333333333336 0.7087962962962963 0.10104166666666667 0.14166666666666666
5 0.17643229166666666 0.8240740740740741 0.08203125 0.2974537037037037
5 0.3121744791666667 0.8258101851851852 0.099609375 0.3425925925925926
5 0.8004557291666666 0.6666666666666666 0.060546875 0.17939814814814814
3 0.798828125 0.8240740740740741 0.06380208333333333 0.22800925925925927
5 0.8310546875 0.6400462962962963 0.043619791666666664 0.14467592592592593
3 0.8391927083333334 0.8148148148148148 0.053385416666666664 0.22106481481481483
2 0.9534505208333334 0.7887731481481481 0.08658854166666667 0.3402777777777778
2 0.7158203125 0.7008101851851852 0.11653645833333333 0.20833333333333334
1 0.16731770833333334 0.6238425925925926 0.13541666666666666 0.2835648148148148
1 0.06673177083333333 0.6070601851851852 0.11002604166666667 0.30092592592592593