2 0.6935185185185185 0.6895833333333333 0.17592592592592593 0.09791666666666667
5 0.3194444444444444 0.84296875 0.3351851851851852 0.3098958333333333
7 0.36157407407407405 0.6828125 0.3398148148148148 0.12604166666666666
0 0.3199074074074074 0.9393229166666667 0.34074074074074073 0.1140625
7 0.6370370370370371 0.65703125 0.1527777777777778 0.07447916666666667
1 0.8833333333333333 0.6403645833333333 0.09537037037037037 0.05572916666666667
7 0.7726851851851851 0.6372395833333333 0.07962962962962963 0.04114583333333333
7 0.8106481481481481 0.6216145833333333 0.05555555555555555 0.033854166666666664
7 0.6564814814814814 0.621875 0.10277777777777777 0.04479166666666667
2 0.7245370370370371 0.6348958333333333 0.05555555555555555 0.022916666666666665
7 0.4976851851851852 0.6421875 0.10925925925925926 0.041666666666666664
2 0.47824074074074074 0.6427083333333333 0.06666666666666667 0.030208333333333334
2 0.03287037037037037 0.65 0.06111111111111111 0.046875
2 0.11342592592592593 0.6421875 0.10555555555555556 0.041666666666666664