2 0.415 0.791860465116279 0.09 0.1744186046511628
2 0.889 0.8104651162790698 0.11 0.17906976744186046
2 0.608 0.5604651162790698 0.07 0.13023255813953488
2 0.5525 0.44534883720930235 0.057 0.10930232558139535
2 0.5225 0.7209302325581395 0.085 0.15813953488372093
2 0.031 0.49883720930232556 0.034 0.07209302325581396
2 0.6865 0.6767441860465117 0.083 0.16279069767441862
2 0.4925 0.6406976744186047 0.071 0.1372093023255814
2 0.294 0.34418604651162793 0.034 0.06976744186046512
2 0.443 0.5395348837209303 0.056 0.12093023255813953
2 0.3625 0.6755813953488372 0.061 0.1325581395348837
2 0.3315 0.25813953488372093 0.041 0.06744186046511629
2 0.2715 0.24186046511627907 0.031 0.06744186046511629
2 0.2995 0.20813953488372092 0.023 0.05581395348837209
2 0.197 0.14302325581395348 0.018 0.046511627906976744
2 0.245 0.16279069767441862 0.028 0.04883720930232558
5 0.1065 0.6895348837209302 0.023 0.14418604651162792
5 0.094 0.6453488372093024 0.022 0.09767441860465116
5 0.4415 0.9023255813953488 0.037 0.12790697674418605
5 0.287 0.8151162790697675 0.03 0.08837209302325581
5 0.783 0.5162790697674419 0.024 0.08604651162790698
5 0.8705 0.6465116279069767 0.021 0.07674418604651163
5 0.6125 0.2872093023255814 0.019 0.046511627906976744
5 0.5835 0.26976744186046514 0.021 0.030232558139534883
5 0.466 0.27325581395348836 0.02 0.037209302325581395
2 0.46 0.2441860465116279 0.04 0.07209302325581396
3 0.1775 0.7011627906976744 0.035 0.12558139534883722
3 0.2895 0.9046511627906977 0.043 0.10930232558139535
3 0.4405 0.9761627906976744 0.051 0.04302325581395349
3 0.7915 0.5790697674418605 0.025 0.08139534883720931
3 0.8695 0.6988372093023256 0.035 0.07906976744186046
3 0.5835 0.3116279069767442 0.021 0.05813953488372093
3 0.6145 0.32325581395348835 0.023 0.053488372093023255