5 0.5628331283312833 0.657069970845481 0.27162771627716276 0.6822157434402333
1 0.32205822058220585 0.40324344023323616 0.08118081180811808 0.14686588921282798
5 0.22457974579745799 0.639759475218659 0.12033620336203361 0.5747084548104956
1 0.43398933989339894 0.4041545189504373 0.1078310783107831 0.1129737609329446
5 0.7104346043460434 0.5568513119533528 0.1006560065600656 0.29737609329446063
2 0.3681836818368184 0.45408163265306123 0.06519065190651907 0.10131195335276968
5 0.07185321853218532 0.5867346938775511 0.07031570315703158 0.3629737609329446
3 0.7251947519475195 0.6659985422740525 0.16338663386633867 0.25255102040816324
5 0.4203567035670357 0.46027696793002915 0.03874538745387454 0.10860058309037901
5 0.5712382123821238 0.432033527696793 0.023575235752357523 0.055029154518950435
5 0.1538540385403854 0.42365160349854225 0.011275112751127511 0.036807580174927114
5 0.18921689216892168 0.43403790087463556 0.017630176301763018 0.056851311953352766
2 0.27224272242722425 0.42948250728862974 0.022960229602296024 0.05065597667638484
5 0.03198031980319803 0.655430029154519 0.06396063960639606 0.527332361516035
5 0.6646166461664617 0.5081997084548106 0.06273062730627306 0.1381195335276968
3 0.42261172611726117 0.4994533527696793 0.04489544895448955 0.08272594752186589
5 0.0352219147191472 0.58598305393586 0.055734932349323495 0.37354227405247814
3 0.662400061500615 0.5546647230320699 0.08392271422714227 0.09452441690962099