2 0.7067708333333333 0.8004629629629629 0.1953125 0.27685185185185185
2 0.33567708333333335 0.8240740740740741 0.19739583333333333 0.262037037037037
2 0.34010416666666665 0.6416666666666667 0.1546875 0.18055555555555555
2 0.6412760416666666 0.6717592592592593 0.15859375 0.20555555555555555
2 0.2805989583333333 0.9291666666666667 0.22838541666666667 0.1398148148148148
2 0.365234375 0.5530092592592593 0.11276041666666667 0.13935185185185187
2 0.39205729166666664 0.48171296296296295 0.12161458333333333 0.1726851851851852
2 0.142578125 0.33032407407407405 0.08046875 0.09861111111111111
2 0.7385416666666667 0.9777777777777777 0.14791666666666667 0.04259259259259259
2 0.048177083333333336 0.3814814814814815 0.09635416666666667 0.1574074074074074
7 0.45364583333333336 0.2861111111111111 0.07135416666666666 0.1685185185185185
2 0.575 0.34421296296296294 0.06979166666666667 0.10601851851851851
2 0.5850260416666667 0.39467592592592593 0.06328125 0.12731481481481483
2 0.42890625 0.3421296296296296 0.07864583333333333 0.1037037037037037
2 0.18932291666666667 0.3101851851851852 0.051041666666666666 0.08055555555555556
2 0.7217447916666667 0.3645833333333333 0.07838541666666667 0.1125
1 0.5614583333333333 0.30486111111111114 0.06510416666666667 0.11342592592592593
2 0.021647135416666668 0.30005787037037035 0.0419921875 0.052662037037037035
2 0.22281901041666666 0.3070023148148148 0.0361328125 0.06539351851851852
2 0.24967447916666666 0.30671296296296297 0.015625 0.046296296296296294
2 0.2657877604166667 0.30324074074074076 0.0224609375 0.04282407407407408
7 0.28662109375 0.30324074074074076 0.0224609375 0.04513888888888889
2 0.3297526041666667 0.3046875 0.022786458333333332 0.027199074074074073
2 0.3522135416666667 0.3081597222222222 0.024088541666666668 0.03761574074074074
2 0.28564453125 0.2682291666666667 0.0166015625 0.019097222222222224
2 0.2594401041666667 0.2569444444444444 0.01953125 0.028935185185185185
2 0.24869791666666666 0.26880787037037035 0.012369791666666666 0.015625
2 0.32568359375 0.2526041666666667 0.015950520833333332 0.023726851851851853
2 0.3116861979166667 0.25144675925925924 0.0166015625 0.02141203703703704
2 0.29736328125 0.2456597222222222 0.017903645833333332 0.022569444444444444
7 0.2805989583333333 0.23929398148148148 0.020833333333333332 0.03761574074074074
2 0.3483072916666667 0.24768518518518517 0.012369791666666666 0.02662037037037037
7 0.3927408854166667 0.23292824074074073 0.0380859375 0.05497685185185185
7 0.5027669270833334 0.2511574074074074 0.011393229166666666 0.02662037037037037
2 0.259765625 0.23032407407407407 0.016927083333333332 0.016203703703703703
2 0.24365234375 0.22858796296296297 0.013346354166666666 0.017361111111111112