2 0.345703125 0.7840277777777778 0.18828125 0.26064814814814813
2 0.28958333333333336 0.9 0.22135416666666666 0.19814814814814816
2 0.696484375 0.7532407407407408 0.19140625 0.25833333333333336
2 0.6369791666666667 0.6425925925925926 0.15260416666666668 0.19722222222222222
2 0.7244791666666667 0.9407407407407408 0.22395833333333334 0.11666666666666667
2 0.34609375 0.6090277777777777 0.14895833333333333 0.15694444444444444
2 0.040364583333333336 0.3960648148148148 0.08072916666666667 0.16157407407407406
2 0.39231770833333335 0.46412037037037035 0.12005208333333334 0.18009259259259258
2 0.3697916666666667 0.5351851851851852 0.10885416666666667 0.13240740740740742
2 0.12786458333333334 0.3368055555555556 0.07864583333333333 0.09953703703703703
7 0.4557291666666667 0.2849537037037037 0.06927083333333334 0.16435185185185186
2 0.7171875 0.35833333333333334 0.07604166666666666 0.1111111111111111
2 0.43203125 0.33935185185185185 0.07395833333333333 0.10555555555555556
2 0.18033854166666666 0.31203703703703706 0.05182291666666667 0.08518518518518518
2 0.5709635416666666 0.3414351851851852 0.06171875 0.09861111111111111
7 0.6526041666666667 0.4601851851851852 0.16822916666666668 0.2833333333333333
2 0.5752604166666667 0.3872685185185185 0.04739583333333333 0.12175925925925926
7 0.5583333333333333 0.3039351851851852 0.06614583333333333 0.11342592592592593
2 0.4061197916666667 0.3712962962962963 0.08880208333333334 0.058333333333333334
2 0.21940104166666666 0.3060185185185185 0.05390625 0.07222222222222222
2 0.2596028645833333 0.29890046296296297 0.023763020833333332 0.03761574074074074
7 0.2815755208333333 0.29398148148148145 0.022786458333333332 0.03819444444444445
7 0.2994791666666667 0.2977430555555556 0.014322916666666666 0.022569444444444444
2 0.33544921875 0.2974537037037037 0.0166015625 0.03009259259259259
2 0.3600260416666667 0.3119212962962963 0.021484375 0.028935185185185185
2 0.5079752604166666 0.33883101851851855 0.017252604166666668 0.02488425925925926
7 0.50830078125 0.2604166666666667 0.017903645833333332 0.020833333333333332
7 0.5017903645833334 0.32407407407407407 0.017252604166666668 0.04050925925925926
7 0.49462890625 0.29890046296296297 0.011393229166666666 0.009837962962962963
2 0.3019205729166667 0.27199074074074076 0.017903645833333332 0.019675925925925927
2 0.2726236979166667 0.25983796296296297 0.021809895833333332 0.024305555555555556
2 0.3248697916666667 0.2566550925925926 0.013671875 0.017939814814814815
2 0.3079427083333333 0.25289351851851855 0.011067708333333334 0.01273148148148148
2 0.34521484375 0.25578703703703703 0.0107421875 0.019675925925925927
2 0.3575846354166667 0.26417824074074076 0.0107421875 0.028356481481481483
2 0.39111328125 0.28096064814814814 0.012044270833333334 0.02141203703703704
7 0.3893229166666667 0.23177083333333334 0.037109375 0.052662037037037035
7 0.275390625 0.2309027777777778 0.014973958333333334 0.027777777777777776
2 0.2942708333333333 0.24421296296296297 0.013671875 0.023148148148148147
2 0.2547200520833333 0.23466435185185186 0.0107421875 0.02025462962962963
2 0.23909505208333334 0.24855324074074073 0.017903645833333332 0.027199074074074073
7 0.5958658854166666 0.26533564814814814 0.017252604166666668 0.03298611111111111