1 0.9317708333333333 0.7208333333333333 0.06145833333333333 0.1638888888888889
1 0.44635416666666666 0.5 0.5916666666666667 0.9962962962962963
5 0.8114583333333333 0.7703703703703704 0.017708333333333333 0.053703703703703705
5 0.9763020833333333 0.7875 0.0453125 0.3101851851851852
5 0.8744283536585366 0.7732610659439927 0.027311991869918728 0.06887985546522131
5 0.7689913617886179 0.7777777777777778 0.019690040650406478 0.059846431797651305
5 0.0969893292682927 0.7772131887985546 0.027311991869918697 0.14453477868112005
5 0.1316056910569106 0.7647922312556459 0.033028455284552845 0.1626016260162602
5 0.014100609756097589 0.769873532068654 0.020325203252032516 0.1524390243902439
5 0.04776422764227644 0.7721318879855466 0.025406504065040643 0.1343721770551038
5 0.07412347560975613 0.7772131887985545 0.018419715447154483 0.1332429990966576
5 0.03283790650406507 0.7354336043360433 0.017149390243902437 0.07452574525745259