2 0.934375 0.7671296296296296 0.12916666666666668 0.3175925925925926
2 0.49192708333333335 0.75 0.15364583333333334 0.2833333333333333
2 0.5640625 0.7754629629629629 0.178125 0.2972222222222222
5 0.6330729166666667 0.8287037037037037 0.13177083333333334 0.3388888888888889
1 0.35078125 0.6351851851851852 0.1078125 0.2351851851851852
1 0.15755208333333334 0.6302083333333334 0.12630208333333334 0.24537037037037038
1 0.0517578125 0.6012731481481481 0.07356770833333333 0.2638888888888889
5 0.0703125 0.6712962962962963 0.049479166666666664 0.1261574074074074
0 0.06770833333333333 0.7847222222222222 0.052083333333333336 0.10532407407407407
5 0.025716145833333332 0.7829861111111112 0.051432291666666664 0.3888888888888889
5 0.16796875 0.8356481481481481 0.0703125 0.27662037037037035
5 0.3024088541666667 0.8038194444444444 0.10872395833333333 0.35648148148148145
5 0.7962239583333334 0.6730324074074074 0.06901041666666667 0.18518518518518517
3 0.7981770833333334 0.8194444444444444 0.078125 0.22569444444444445
2 0.7037760416666666 0.7060185185185185 0.11588541666666667 0.21875