1 0.5565384615384615 0.4623493975903614 0.69 0.7921686746987951
3 0.9823076923076923 0.5572289156626506 0.03538461538461538 0.12449799196787148
5 0.9855769230769231 0.48493975903614456 0.027307692307692307 0.05823293172690763
2 0.955 0.5160642570281124 0.02923076923076923 0.0642570281124498
5 0.125 0.5115461847389559 0.04 0.13152610441767068
5 0.08153846153846153 0.5040160642570282 0.02846153846153846 0.09236947791164658
5 0.03307692307692308 0.5090361445783133 0.031538461538461536 0.10441767068273092
5 0.3576923076923077 0.3097389558232932 0.06692307692307692 0.09337349397590361
5 0.6065384615384616 0.32379518072289154 0.09538461538461539 0.1817269076305221
5 0.7826923076923077 0.3704819277108434 0.024615384615384615 0.0963855421686747
5 0.8242307692307692 0.3795180722891566 0.06 0.10441767068273092
5 0.8692307692307693 0.39206827309236947 0.057692307692307696 0.09538152610441768