7 0.5189814814814815 0.6536458333333334 0.15462962962962962 0.11770833333333333
2 0.7407407407407407 0.6736979166666667 0.10925925925925926 0.06302083333333333
7 0.26481481481481484 0.64375 0.20555555555555555 0.11354166666666667
2 0.40208333333333335 0.66875 0.13564814814814816 0.071875
5 0.750462962962963 0.7127604166666667 0.10185185185185185 0.12447916666666667
0 0.7324074074074074 0.7510416666666667 0.10462962962962963 0.09895833333333333
0 0.9706018518518519 0.7067708333333333 0.05694444444444444 0.08645833333333333
1 0.8717592592592592 0.6424479166666667 0.09814814814814815 0.059895833333333336
7 0.6893518518518519 0.6502604166666667 0.10185185185185185 0.05572916666666667
2 0.09490740740740741 0.64765625 0.12407407407407407 0.04635416666666667
2 0.024074074074074074 0.6486979166666667 0.04351851851851852 0.04635416666666667
7 0.7782407407407408 0.6390625 0.07407407407407407 0.03854166666666667