2 0.06067708333333333 0.7194444444444444 0.12135416666666667 0.362962962962963
2 0.34817708333333336 0.4666666666666667 0.11822916666666666 0.14074074074074075
2 0.83125 0.7342592592592593 0.33541666666666664 0.5259259259259259
2 0.5986979166666667 0.4689814814814815 0.08177083333333333 0.12129629629629629
2 0.5572916666666666 0.44212962962962965 0.029166666666666667 0.07314814814814814
2 0.4088541666666667 0.44722222222222224 0.05 0.0962962962962963
2 0.4356770833333333 0.4273148148148148 0.04635416666666667 0.06944444444444445
2 0.4578125 0.4199074074074074 0.025 0.06018518518518518
2 0.46796875 0.41388888888888886 0.018229166666666668 0.044444444444444446
2 0.47734375 0.40555555555555556 0.021354166666666667 0.044444444444444446
2 0.5375 0.42962962962962964 0.021875 0.06481481481481481