1 0.484375 0.525974025974026 0.2375 0.38181818181818183
5 0.7890625 0.6008658008658009 0.030625 0.141991341991342
3 0.67375 0.6445887445887446 0.085 0.10649350649350649
5 0.685 0.5887445887445888 0.05625 0.13333333333333333
3 0.7312062937062938 0.5160445614991068 0.01923076923076934 0.052674598129143595
3 0.8784965034965034 0.713422940695668 0.12062937062937053 0.18829655193291553
3 0.8282342657342657 0.6150364786728423 0.0638111888111888 0.12351285078557811
5 0.8087849650349651 0.6226046680592134 0.023164335664335737 0.06720552175097627
5 0.8531468531468532 0.587790996881906 0.031468531468531465 0.06902188720370545
5 0.6914335664335663 0.46942451487906023 0.018356643356643332 0.023612750885478238
3 0.6903409090909091 0.4972754518209064 0.018793706293706264 0.03208912299821391
2 0.6274038461538461 0.48516634880271237 0.025786713286713267 0.04298731571458844
3 0.6427010489510491 0.4945509036418127 0.012674825174825202 0.027850936941845976
2 0.7045454545454547 0.49757817939636123 0.021853146853146797 0.03390548845094298