2 0.3587962962962963 0.8908854166666667 0.25833333333333336 0.21510416666666668
2 0.8194444444444444 0.89765625 0.29259259259259257 0.20260416666666667
2 0.6907407407407408 0.7359375 0.1685185185185185 0.11354166666666667
2 0.4041666666666667 0.7395833333333334 0.1675925925925926 0.11458333333333333
2 0.15185185185185185 0.7072916666666667 0.20185185185185187 0.13229166666666667
2 0.4152777777777778 0.6481770833333333 0.12314814814814815 0.0765625
2 0.2611111111111111 0.6190104166666667 0.11481481481481481 0.06614583333333333
2 0.06435185185185185 0.8885416666666667 0.1287037037037037 0.21979166666666666
2 0.42777777777777776 0.5877604166666667 0.0962962962962963 0.0640625
2 0.29305555555555557 0.5768229166666666 0.09537037037037037 0.05364583333333333
2 0.46435185185185185 0.5614583333333333 0.07314814814814814 0.042708333333333334
2 0.34444444444444444 0.5330729166666667 0.07222222222222222 0.0390625
2 0.6532407407407408 0.6268229166666667 0.1287037037037037 0.0984375
1 0.6014453477868114 0.5587271341463415 0.12407407407407407 0.103125
2 0.468383017163505 0.5329014227642276 0.0530713640469738 0.019054878048780567
2 0.4666892502258356 0.5173399390243902 0.04516711833785018 0.017149390243902416
2 0.47120596205962056 0.5036839430894309 0.04290876242095752 0.015243902439024381
2 0.5575880758807589 0.5036839430894309 0.04403794037940374 0.011432926829268315
1 0.5434733514001806 0.4808180894308942 0.06775067750677513 0.04827235772357721
2 0.46386630532972 0.4897103658536585 0.032746160794941345 0.01397357723577238
2 0.4740289069557362 0.4830411585365853 0.03726287262872624 0.013338414634146348
2 0.37183830171635046 0.5154344512195121 0.05194218608852747 0.024771341463414663
2 0.3803071364046973 0.5005081300813008 0.046296296296296294 0.013973577235772321
2 0.392163504968383 0.48844004065040647 0.033875338753387566 0.02032520325203251
2 0.41418247515808493 0.4801829268292683 0.03500451671183374 0.016514227642276443
2 0.4175700090334236 0.47192581300813 0.03500451671183374 0.012703252032520318
2 0.4345076784101174 0.45826981707317066 0.021454381210478733 0.013338414634146348
2 0.47120596205962056 0.45985772357723576 0.022583559168924957 0.013973577235772321
1 0.4785456187895213 0.43699186991869915 0.037262872628726344 0.010162601626016255