2 0.6901041666666666 0.8791666666666667 0.19322916666666667 0.23981481481481481
2 0.3177083333333333 0.8287037037037037 0.18854166666666666 0.2722222222222222
2 0.36158854166666665 0.7071759259259259 0.17317708333333334 0.23842592592592593
2 0.683984375 0.6777777777777778 0.17161458333333332 0.2361111111111111
2 0.6268229166666667 0.5962962962962963 0.1328125 0.18425925925925926
2 0.35403645833333336 0.5662037037037037 0.14140625 0.1574074074074074
2 0.09557291666666666 0.35162037037037036 0.08229166666666667 0.1087962962962963
2 0.39309895833333336 0.4377314814814815 0.11536458333333334 0.17546296296296296
2 0.0171875 0.43125 0.034375 0.17546296296296296
2 0.23645833333333333 0.9518518518518518 0.209375 0.09444444444444444
2 0.37591145833333334 0.5104166666666666 0.10338541666666666 0.12638888888888888
6 0.37408854166666666 0.2569444444444444 0.02265625 0.05
7 0.6475260416666667 0.42800925925925926 0.15598958333333332 0.26157407407407407
2 0.43671875 0.3337962962962963 0.0703125 0.10092592592592593
2 0.11822916666666666 0.3365740740740741 0.06458333333333334 0.09722222222222222
7 0.5565104166666667 0.30115740740740743 0.058333333333333334 0.11064814814814815
2 0.5709635416666666 0.37546296296296294 0.046614583333333334 0.11944444444444445
7 0.45598958333333334 0.28055555555555556 0.07083333333333333 0.16018518518518518
2 0.20416666666666666 0.3111111111111111 0.06458333333333334 0.08333333333333333
5 0.2109375 0.9736111111111111 0.042708333333333334 0.05092592592592592
2 0.7239583333333334 0.35 0.03333333333333333 0.11481481481481481
2 0.3028645833333333 0.2773148148148148 0.015104166666666667 0.026851851851851852
2 0.32421875 0.2912037037037037 0.0171875 0.030555555555555555
2 0.35546875 0.30462962962962964 0.013020833333333334 0.03148148148148148
2 0.27057291666666666 0.2310185185185185 0.013020833333333334 0.025
2 0.28619791666666666 0.24212962962962964 0.0109375 0.026851851851851852
2 0.303125 0.24675925925925926 0.0125 0.028703703703703703
2 0.31744791666666666 0.2513888888888889 0.013020833333333334 0.030555555555555555
2 0.33619791666666665 0.25 0.016145833333333335 0.03888888888888889
2 0.3546875 0.2587962962962963 0.009375 0.03611111111111111
7 0.3854166666666667 0.22870370370370371 0.0375 0.05
2 0.596875 0.2675925925925926 0.01875 0.03148148148148148
2 0.165625 0.31805555555555554 0.04583333333333333 0.08796296296296297
2 0.24765625 0.30648148148148147 0.0296875 0.05555555555555555