2 0.8189814814814815 0.89765625 0.2916666666666667 0.20260416666666667
2 0.36435185185185187 0.8747395833333333 0.2490740740740741 0.21822916666666667
2 0.6907407407407408 0.7354166666666667 0.1685185185185185 0.11458333333333333
2 0.4050925925925926 0.7346354166666667 0.16574074074074074 0.11302083333333333
2 0.4152777777777778 0.6471354166666666 0.12314814814814815 0.07552083333333333
2 0.07685185185185185 0.8755208333333333 0.1537037037037037 0.246875
2 0.2708333333333333 0.6104166666666667 0.10833333333333334 0.06354166666666666
2 0.15601851851851853 0.7020833333333333 0.19907407407407407 0.13020833333333334
2 0.42777777777777776 0.5880208333333333 0.0962962962962963 0.06354166666666666
2 0.29907407407407405 0.5692708333333333 0.0962962962962963 0.04791666666666667
2 0.6537037037037037 0.6268229166666667 0.12777777777777777 0.09739583333333333
2 0.4638888888888889 0.5611979166666666 0.07407407407407407 0.043229166666666666
2 0.3453703703703704 0.5333333333333333 0.07037037037037037 0.03958333333333333
1 0.6055555555555555 0.55546875 0.12407407407407407 0.1046875
1 0.5430555555555555 0.4825520833333333 0.06759259259259259 0.050520833333333334
2 0.4689476061427281 0.5329014227642276 0.07226738934056008 0.026676829268292696
2 0.3707091237579042 0.5157520325203252 0.06323396567299003 0.02921747967479676
2 0.383130081300813 0.5001905487804877 0.04516711833785012 0.019690040650406478
2 0.39724480578139115 0.49225101626016254 0.03952122854561874 0.016514227642276384
2 0.40627822944896114 0.48304115853658536 0.03274616079494129 0.019690040650406478
2 0.4198283649503161 0.4738313008130081 0.03274616079494129 0.017784552845528444
2 0.4700767841011743 0.5081300813008129 0.04742547425474252 0.024136178861788635
2 0.47967479674796754 0.5198805894308942 0.055329719963866354 0.018419715447154476
2 0.477416440831075 0.4633511178861788 0.03500451671183379 0.019690040650406537
2 0.468947606142728 0.48304115853658536 0.04290876242095741 0.019690040650406478