5 0.6608072916666666 0.8049768518518519 0.1328125 0.35648148148148145
5 0.2972005208333333 0.7320601851851852 0.056640625 0.24537037037037038
5 0.2532552083333333 0.8298611111111112 0.09895833333333333 0.3113425925925926
5 0.146484375 0.8391203703703703 0.10286458333333333 0.29976851851851855
5 0.08333333333333333 0.6736111111111112 0.037760416666666664 0.09143518518518519
3 0.083984375 0.7743055555555556 0.045572916666666664 0.1261574074074074
5 0.13736979166666666 0.7094907407407407 0.05859375 0.13078703703703703
2 0.5279947916666666 0.7355324074074074 0.18098958333333334 0.2523148148148148
2 0.8912760416666666 0.8275462962962963 0.19010416666666666 0.30671296296296297
2 0.4124348958333333 0.7222222222222222 0.11393229166666667 0.20717592592592593
1 0.08268229166666667 0.5908564814814815 0.13151041666666666 0.2152777777777778
1 0.20345052083333334 0.5827546296296297 0.10221354166666667 0.16898148148148148
1 0.341796875 0.5943287037037037 0.10677083333333333 0.14814814814814814
5 0.7600911458333334 0.6932870370370371 0.064453125 0.14699074074074073
3 0.7522786458333334 0.8495370370370371 0.07356770833333333 0.21643518518518517
5 0.6142578125 0.6024305555555556 0.052734375 0.09259259259259259
5 0.69140625 0.6064814814814815 0.05078125 0.11921296296296297
3 0.6162109375 0.6979166666666666 0.046223958333333336 0.07060185185185185
3 0.6966145833333334 0.6921296296296297 0.048177083333333336 0.07291666666666667