2 0.8155381944444444 0.8717948717948718 0.07378472222222222 0.12179487179487179
2 0.7105034722222222 0.6161858974358975 0.044270833333333336 0.07211538461538461
2 0.8181423611111112 0.625801282051282 0.0390625 0.07532051282051282
2 0.6427951388888888 0.5112179487179487 0.028645833333333332 0.041666666666666664
5 0.18098958333333334 0.5817307692307693 0.014756944444444444 0.057692307692307696
3 0.8641493055555556 0.686698717948718 0.021701388888888888 0.049679487179487176
5 0.8641493055555556 0.6626602564102564 0.019965277777777776 0.049679487179487176
5 0.3767361111111111 0.5 0.012152777777777778 0.035256410256410256
2 0.5203993055555556 0.36778846153846156 0.011284722222222222 0.011217948717948718
7 0.5546875 0.3886217948717949 0.03125 0.07371794871794872
2 0.5989583333333334 0.4735576923076923 0.024305555555555556 0.0641025641025641
5 0.7222222222222222 0.4879807692307692 0.005208333333333333 0.019230769230769232
3 0.7213541666666666 0.5024038461538461 0.017361111111111112 0.03205128205128205
5 0.6692708333333334 0.4583333333333333 0.010416666666666666 0.02403846153846154
3 0.6684027777777778 0.47836538461538464 0.015625 0.03205128205128205
7 0.68359375 0.3958333333333333 0.016493055555555556 0.04006410256410257
2 0.71875 0.40625 0.012152777777777778 0.038461538461538464