1 0.21922626025791325 0.6666666666666666 0.2508792497069168 0.5625
2 0.4003516998827667 0.434375 0.08089097303634232 0.12708333333333333
2 0.6201641266119577 0.7020833333333333 0.11488862837045721 0.225
2 0.6219226260257913 0.409375 0.09261430246189918 0.12291666666666666
2 0.5293083235638921 0.22916666666666666 0.05509964830011723 0.09166666666666666
2 0.5545134818288394 0.16354166666666667 0.044548651817116064 0.06875
2 0.6201641266119577 0.18125 0.05158264947245018 0.075
5 0.36882988055321 0.27564102564102566 0.029513276875527752 0.0626456876456876
3 0.37046950704629483 0.331002331002331 0.03115290336861268 0.056818181818181775
5 0.3921945580796695 0.20571095571095568 0.020495331163560955 0.05681818181818184
3 0.39629362431238163 0.2486888111888112 0.025414210642815602 0.043706293706293725
7 0.4745857893571845 0.0520104895104895 0.054107674271800923 0.09906759906759906
2 0.5159863583075776 0.11975524475524474 0.036891596094409757 0.06555944055944053
2 0.5996073094549061 0.11756993006993004 0.04017084908057941 0.06993006993006992
2 0.5565671140114282 0.08988927738927739 0.034432156354782466 0.06410256410256411
2 0.582391231277515 0.057837995337995315 0.033612343108239906 0.04953379953379953
2 0.565585059723395 0.03379953379953378 0.031152903368612612 0.04516317016317017