2 0.8194444444444444 0.8971354166666666 0.29259259259259257 0.20364583333333333
2 0.36203703703703705 0.88515625 0.2537037037037037 0.22135416666666666
2 0.07083333333333333 0.8817708333333333 0.14166666666666666 0.23333333333333334
2 0.6912037037037037 0.7356770833333334 0.16944444444444445 0.1140625
2 0.4152777777777778 0.6471354166666666 0.12314814814814815 0.0765625
2 0.15138888888888888 0.7065104166666667 0.20092592592592592 0.13072916666666667
2 0.4046296296296296 0.73671875 0.16666666666666666 0.11302083333333333
2 0.2625 0.6169270833333333 0.11388888888888889 0.06510416666666667
2 0.42824074074074076 0.5880208333333333 0.09722222222222222 0.06354166666666666
2 0.6541666666666667 0.6268229166666667 0.1287037037037037 0.0984375
2 0.29444444444444445 0.5755208333333334 0.09259259259259259 0.05
2 0.4638888888888889 0.5619791666666667 0.07407407407407407 0.042708333333333334
2 0.34444444444444444 0.5328125 0.07222222222222222 0.03958333333333333
1 0.603297199638663 0.5549479166666667 0.12407407407407407 0.10364583333333334
2 0.46499548328816614 0.5303607723577236 0.05984643179765135 0.02032520325203251
2 0.468383017163505 0.5144817073170731 0.037262872628726344 0.017784552845528444
2 0.36449864498644985 0.509082825203252 0.041779584462511295 0.023501016260162603
2 0.39159891598915986 0.49733231707317066 0.03274616079494129 0.01397357723577238
2 0.4717705510388437 0.5017784552845528 0.04629629629629635 0.01397357723577238
2 0.4051490514905149 0.48304115853658536 0.03500451671183374 0.01587906504065041
2 0.47233514001806687 0.4830411585365853 0.04516711833785007 0.013338414634146348
2 0.4130532971996386 0.469385162601626 0.028229448961156287 0.016514227642276443
1 0.54516711833785 0.48240599593495936 0.059846431797651194 0.03874491869918698
1 0.49209575429087615 0.43540396341463417 0.03500451671183374 0.013338414634146348