1 0.36423076923076925 0.5905759162303665 0.693076923076923 0.5884816753926702
5 0.40307692307692305 0.35706806282722514 0.047692307692307694 0.10890052356020942
5 0.4503846153846154 0.3738219895287958 0.07230769230769231 0.11727748691099477
5 0.36653846153846154 0.36910994764397903 0.06153846153846154 0.1225130890052356
5 0.3130769230769231 0.33507853403141363 0.03923076923076923 0.07958115183246073
5 0.33384615384615385 0.31099476439790574 0.03923076923076923 0.06910994764397906
5 0.2919230769230769 0.31989528795811517 0.08615384615384615 0.18534031413612564
5 0.2569230769230769 0.337696335078534 0.07615384615384616 0.15392670157068064
5 0.1996153846153846 0.3136125654450262 0.05692307692307692 0.09947643979057591
5 0.24653846153846154 0.27591623036649215 0.03538461538461538 0.0387434554973822
5 0.19846153846153847 0.2638743455497382 0.036153846153846154 0.06282722513089005
5 0.2153846153846154 0.24293193717277486 0.022307692307692306 0.048167539267015703
5 0.15115384615384617 0.2712041884816754 0.05846153846153846 0.11099476439790576
5 0.11884615384615385 0.4643979057591623 0.033846153846153845 0.05759162303664921
5 0.04115384615384615 0.4130890052356021 0.036923076923076927 0.07015706806282722
5 0.016923076923076923 0.3649214659685864 0.03 0.09947643979057591