5 0.96640625 0.8069444444444445 0.06510416666666667 0.36944444444444446
7 0.26536458333333335 0.7810185185185186 0.17552083333333332 0.24351851851851852
5 0.8846354166666667 0.7851851851851852 0.0140625 0.040740740740740744
5 0.5716145833333334 0.7939814814814815 0.0171875 0.05092592592592592
5 0.15494791666666666 0.7949074074074074 0.0359375 0.1287037037037037
7 0.6544270833333333 0.7638888888888888 0.0546875 0.11296296296296296
2 0.47421875 0.7833333333333333 0.07552083333333333 0.09814814814814815
5 0.39479166666666665 0.7833333333333333 0.025 0.08518518518518518
2 0.6903645833333333 0.7898148148148149 0.049479166666666664 0.07592592592592592
2 0.7247395833333333 0.8004629629629629 0.0203125 0.0712962962962963
0 0.39947916666666666 0.8217592592592593 0.04375 0.06018518518518518
5 0.7559895833333333 0.7944444444444444 0.016145833333333335 0.07037037037037037