2 0.8185185185185185 0.8979166666666667 0.29074074074074074 0.203125
2 0.36435185185185187 0.8776041666666666 0.2490740740740741 0.215625
2 0.6842592592592592 0.72578125 0.16296296296296298 0.10989583333333333
2 0.16064814814814815 0.69609375 0.19537037037037036 0.12864583333333332
2 0.4064814814814815 0.7299479166666667 0.16296296296296298 0.11302083333333333
2 0.27314814814814814 0.6080729166666666 0.10740740740740741 0.0640625
2 0.07592592592592592 0.87578125 0.15185185185185185 0.24635416666666668
2 0.41574074074074074 0.6471354166666666 0.12407407407407407 0.0765625
2 0.42777777777777776 0.5877604166666667 0.0962962962962963 0.06302083333333333
2 0.6532407407407408 0.62578125 0.1287037037037037 0.09739583333333333
2 0.3013888888888889 0.5690104166666666 0.09351851851851851 0.04739583333333333
2 0.46296296296296297 0.5611979166666666 0.07592592592592592 0.043229166666666666
2 0.3453703703703704 0.5330729166666667 0.07037037037037037 0.0390625
1 0.6046296296296296 0.5544270833333333 0.12407407407407407 0.10364583333333334
1 0.5406504065040649 0.48145325203252026 0.0643631436314363 0.03938008130081302
2 0.47120596205962056 0.5357596544715446 0.06775067750677508 0.02858231707317073
2 0.4666892502258356 0.5217860772357723 0.04742547425474242 0.023501016260162603
2 0.47120596205962056 0.5081300813008129 0.05645889792231242 0.024136178861788635
2 0.3707091237579042 0.5163871951219512 0.06549232158988258 0.029217479674796702
2 0.3820009033423667 0.5001905487804877 0.051942186088527575 0.023501016260162603
2 0.4006323396567299 0.49129827235772355 0.04855465221318885 0.019690040650406478
2 0.40910117434507676 0.4820884146341463 0.04065040650406512 0.02159552845528457
2 0.4593495934959349 0.49415650406504064 0.046296296296296245 0.019054878048780508
2 0.46612466124661245 0.48335873983739835 0.03726287262872624 0.012703252032520318