5 0.5457692307692308 0.633298755186722 0.17615384615384616 0.4284232365145228
2 0.3569230769230769 0.549501568667139 0.35384615384615387 0.229253112033195
5 0.7838461538461539 0.6794605809128631 0.18153846153846154 0.3278008298755187
5 0.7726923076923077 0.4870331950207469 0.10384615384615385 0.17946058091286307
7 0.4480769230769231 0.36618257261410786 0.4869230769230769 0.4024896265560166
5 0.9080769230769231 0.4870331950207469 0.05923076923076923 0.13796680497925312
5 0.2953846153846154 0.5596473029045643 0.10923076923076923 0.3329875518672199
5 0.9038461538461539 0.6198132780082988 0.15846153846153846 0.31431535269709543
3 0.6942307692307692 0.5648340248962656 0.07307692307692308 0.1441908713692946
2 0.1476923076923077 0.48443983402489627 0.15846153846153846 0.15145228215767634
7 0.1296153846153846 0.3962655601659751 0.23153846153846153 0.21784232365145229
5 0.7042307692307692 0.5114107883817427 0.07461538461538461 0.18672199170124482
0 0.7307692307692307 0.6255186721991701 0.06769230769230769 0.17842323651452283
0 0.9780769230769231 0.6286307053941909 0.040769230769230766 0.1887966804979253
7 0.7896153846153846 0.43568464730290457 0.13615384615384615 0.10580912863070539
5 0.9796153846153847 0.491701244813278 0.03769230769230769 0.15767634854771784
7 0.04576923076923077 0.5741701244813278 0.09153846153846154 0.4118257261410788
0 0.2767354596622889 0.7062038255237324 0.200750469043152 0.25933609958506226
3 0.5393996247654784 0.7068363525958911 0.21763602251407135 0.3263839692338831