5 0.17135416666666667 0.6939814814814815 0.03958333333333333 0.15833333333333333
5 0.2078125 0.6916666666666667 0.04791666666666667 0.17222222222222222
5 0.5158854166666667 0.6601851851851852 0.034895833333333334 0.10925925925925926
5 0.01875 0.6398148148148148 0.036458333333333336 0.09814814814814815
5 0.08567708333333333 0.700925925925926 0.05677083333333333 0.17037037037037037
5 0.705078125 0.7777777777777778 0.13541666666666666 0.41550925925925924
5 0.33984375 0.7974537037037037 0.11067708333333333 0.2534722222222222
3 0.3427734375 0.9398148148148148 0.11002604166666667 0.09837962962962964
3 0.8193359375 0.8807870370370371 0.061848958333333336 0.20717592592592593
5 0.82421875 0.7019675925925926 0.07682291666666667 0.2013888888888889
2 0.9153645833333334 0.8321759259259259 0.15885416666666666 0.3136574074074074
2 0.6826171875 0.7042824074074074 0.14388020833333334 0.2013888888888889
2 0.5709635416666666 0.7100694444444444 0.078125 0.1574074074074074
1 0.3004557291666667 0.6244212962962963 0.19466145833333334 0.3333333333333333
2 0.4329427083333333 0.6828703703703703 0.12760416666666666 0.21643518518518517
1 0.478515625 0.5532407407407407 0.14973958333333334 0.11226851851851852
1 0.08463541666666667 0.6122685185185185 0.12630208333333334 0.3136574074074074
0 0.0859375 0.7829861111111112 0.053385416666666664 0.20833333333333334
0 0.17057291666666666 0.7575231481481481 0.04296875 0.12268518518518519
0 0.203125 0.7754629629629629 0.037760416666666664 0.1400462962962963