2 0.8588541666666667 0.825925925925926 0.2791666666666667 0.34629629629629627
2 0.5252604166666667 0.7245370370370371 0.19947916666666668 0.24166666666666667
5 0.6755208333333333 0.8305555555555556 0.12708333333333333 0.3351851851851852
5 0.3067708333333333 0.7379629629629629 0.071875 0.2611111111111111
5 0.14609375 0.8217592592592593 0.10989583333333333 0.3527777777777778
1 0.0810546875 0.6006944444444444 0.11002604166666667 0.20717592592592593
5 0.09375 0.6689814814814815 0.046875 0.10069444444444445
0 0.08854166666666667 0.7598379629629629 0.029947916666666668 0.14583333333333334
5 0.2626953125 0.8252314814814815 0.11002604166666667 0.3159722222222222
1 0.20833333333333334 0.5682870370370371 0.09635416666666667 0.13773148148148148
1 0.3440755208333333 0.5729166666666666 0.103515625 0.10532407407407407
2 0.4069010416666667 0.7175925925925926 0.11848958333333333 0.21875
5 0.5947265625 0.6174768518518519 0.055338541666666664 0.10648148148148148
5 0.8997395833333334 0.6180555555555556 0.057291666666666664 0.08912037037037036
2 0.7779947916666666 0.6556712962962963 0.125 0.12037037037037036