2 0.2779947916666667 0.8893518518518518 0.20546875 0.21851851851851853
2 0.670703125 0.7833333333333333 0.17526041666666667 0.2351851851851852
2 0.372265625 0.6472222222222223 0.15911458333333334 0.2212962962962963
2 0.338671875 0.7458333333333333 0.17265625 0.23981481481481481
2 0.6712239583333334 0.6129629629629629 0.15963541666666667 0.2
2 0.6188802083333333 0.5574074074074075 0.11640625 0.17407407407407408
2 0.676953125 0.9423611111111111 0.22630208333333332 0.11342592592592593
2 0.05950520833333333 0.3699074074074074 0.08671875 0.11944444444444445
2 0.35911458333333335 0.5280092592592592 0.13229166666666667 0.14675925925925926
2 0.39557291666666666 0.4046296296296296 0.11458333333333333 0.13796296296296295
2 0.09049479166666667 0.3490740740740741 0.06848958333333334 0.10833333333333334
7 0.458203125 0.28125 0.06328125 0.15601851851851853
2 0.184375 0.3148148148148148 0.065625 0.08888888888888889
2 0.12825520833333334 0.3229166666666667 0.08619791666666667 0.09398148148148149
7 0.6427400914634147 0.3993055555555556 0.14947916666666666 0.23842592592592593
2 0.38424479166666664 0.4888888888888889 0.08984375 0.125
7 0.55 0.30185185185185187 0.06666666666666667 0.10925925925925926
6 0.37408854166666666 0.2574074074074074 0.023177083333333334 0.05185185185185185
2 0.2345020325203252 0.3029584462511292 0.024136178861788635 0.06549232158988252
2 0.2983358739837398 0.27134146341463417 0.01460873983739841 0.02258355916892501
7 0.26371951219512196 0.234643179765131 0.010162601626016284 0.03274616079494132
2 0.2827743902439025 0.23972448057813908 0.012703252032520318 0.02258355916892506
2 0.29801829268292684 0.24254742547425473 0.008892276422764252 0.021454381210478813
2 0.31199186991869915 0.24988708220415537 0.019054878048780446 0.02258355916892506
2 0.33199949186991873 0.2459349593495935 0.018419715447154476 0.02145438121047876
2 0.44632876016260165 0.3170731707317074 0.037474593495934926 0.0666214995483288
2 0.41584095528455284 0.3114272809394761 0.040015243902438984 0.025971093044263788
2 0.5651041666666666 0.3622402890695574 0.024771341463414604 0.10275519421860882
2 0.7194486788617885 0.34360885275519426 0.027311991869918728 0.09033423667570009