2 0.8180555555555555 0.8973958333333333 0.2898148148148148 0.203125
2 0.36435185185185187 0.878125 0.2490740740740741 0.21458333333333332
2 0.6875 0.73203125 0.16574074074074074 0.1109375
2 0.15787037037037038 0.7015625 0.19722222222222222 0.12916666666666668
2 0.4064814814814815 0.7341145833333333 0.1648148148148148 0.1140625
2 0.0763888888888889 0.8763020833333334 0.1527777777777778 0.2453125
2 0.4152777777777778 0.6481770833333333 0.12314814814814815 0.0765625
2 0.27175925925925926 0.6098958333333333 0.10833333333333334 0.06458333333333334
2 0.42777777777777776 0.58828125 0.09444444444444444 0.0640625
2 0.29907407407407405 0.56953125 0.09814814814814815 0.0453125
2 0.4625 0.56171875 0.07685185185185185 0.043229166666666666
2 0.6532407407407408 0.6268229166666667 0.1287037037037037 0.0984375
1 0.6055555555555555 0.5552083333333333 0.12407407407407407 0.10416666666666667
2 0.34444444444444444 0.5333333333333333 0.07037037037037037 0.03958333333333333
2 0.46951219512195114 0.5344893292682926 0.06887985546522137 0.02731199186991867
2 0.473464317976513 0.5182926829268292 0.056458897922312526 0.016514227642276443
2 0.4678184281842818 0.5065421747967479 0.05420054200542008 0.020960365853658538
2 0.46612466124661256 0.4951092479674796 0.04629629629629635 0.017149390243902416
2 0.47233514001806676 0.4855818089430894 0.05420054200541997 0.01587906504065041
2 0.37409665763324296 0.5176575203252032 0.06097560975609758 0.03556910569105695
2 0.38708220415537486 0.5046366869918699 0.057588075880758746 0.026041666666666668
2 0.3983739837398374 0.49098069105691056 0.041779584462511295 0.016514227642276443
2 0.4096657633242999 0.48081808943089427 0.03500451671183374 0.015243902439024381
2 0.4170054200542005 0.47033790650406504 0.02032520325203256 0.014608739837398351
2 0.432813911472448 0.4643038617886179 0.033875338753387566 0.012703252032520318
2 0.4745934959349594 0.4636686991869919 0.02935862691960262 0.011432926829268256
1 0.5383920505871725 0.47700711382113814 0.08017163504968376 0.038109756097560954
2 0.55420054200542 0.5043191056910569 0.046296296296296294 0.02286585365853657