5 0.9638020833333333 0.8319444444444445 0.0703125 0.33240740740740743
2 0.67109375 0.8305555555555556 0.05364583333333333 0.07037037037037037
5 0.22083333333333333 0.8226851851851852 0.027083333333333334 0.1287037037037037
1 0.11171875 0.8523148148148149 0.2234375 0.25462962962962965
2 0.46953125 0.825 0.07760416666666667 0.09814814814814815
5 0.7609375 0.8351851851851851 0.0125 0.04814814814814815
5 0.31796875 0.8300925925925926 0.025520833333333333 0.09537037037037037
7 0.6408854166666667 0.8041666666666667 0.05572916666666667 0.11944444444444445
5 0.38619791666666664 0.8226851851851852 0.0234375 0.09537037037037037
2 0.703125 0.8319444444444445 0.028125 0.05648148148148148
5 0.27109375 0.8347222222222223 0.0203125 0.11944444444444445
5 0.25078125 0.8287037037037037 0.024479166666666666 0.11666666666666667
5 0.40572916666666664 0.8277777777777777 0.021875 0.10185185185185185