2 0.652734375 0.881712962962963 0.20807291666666666 0.23472222222222222
2 0.30703125 0.8090277777777778 0.18541666666666667 0.2550925925925926
2 0.662890625 0.7025462962962963 0.16067708333333333 0.2125
2 0.37864583333333335 0.5974537037037037 0.14895833333333333 0.20601851851851852
2 0.3522135416666667 0.6722222222222223 0.15703125 0.21666666666666667
2 0.6623697916666667 0.5592592592592592 0.14921875 0.16944444444444445
2 0.03424479166666667 0.39189814814814816 0.06848958333333334 0.12638888888888888
2 0.6111979166666667 0.5226851851851851 0.11041666666666666 0.16574074074074074
2 0.3645833333333333 0.49050925925925926 0.13072916666666667 0.12638888888888888
2 0.062239583333333334 0.3685185185185185 0.07291666666666667 0.11666666666666667
2 0.398828125 0.38819444444444445 0.10807291666666667 0.13657407407407407
2 0.11536458333333334 0.3335648148148148 0.06979166666666667 0.09953703703703703
2 0.15677083333333333 0.32199074074074074 0.06197916666666667 0.09490740740740741
7 0.5484375 0.3013888888888889 0.06614583333333333 0.10185185185185185
7 0.6372237042682927 0.37199074074074073 0.14296875 0.21435185185185185
2 0.7108072916666667 0.3375 0.04401041666666667 0.08981481481481482
7 0.458203125 0.27847222222222223 0.061197916666666664 0.14953703703703702
2 0.185912093495935 0.3136856368563686 0.041285569105691075 0.10501355013550132
2 0.22021087398373984 0.3136856368563685 0.03366361788617886 0.08468834688346881
2 0.265942581300813 0.29844173441734423 0.023501016260162575 0.07226738934056008
2 0.3199314024390244 0.28714995483288164 0.020960365853658538 0.024841915085817512
2 0.3466082317073171 0.2961833785004517 0.012068089430894288 0.031616982836495014
2 0.3596290650406504 0.30803974706413734 0.024136178861788635 0.028229448961156287
7 0.3745553861788618 0.22673893405600723 0.038744918699187045 0.0553297199638663
2 0.3227896341463415 0.24254742547425479 0.019054878048780446 0.037262872628726344
2 0.3065929878048781 0.24762872628726287 0.017149390243902416 0.02710027100271009
2 0.29134908536585363 0.24254742547425473 0.008257113821138163 0.028229448961156287
2 0.2726117886178862 0.23633694670280037 0.017784552845528444 0.03161698283649504
2 0.34247967479674796 0.2606142728093948 0.008892276422764252 0.03048780487804879