2 0.5416666666666666 0.7564814814814815 0.171875 0.2759259259259259
2 0.45416666666666666 0.7337962962962963 0.15520833333333334 0.2638888888888889
5 0.6375 0.8337962962962963 0.128125 0.3287037037037037
2 0.018229166666666668 0.7620370370370371 0.036458333333333336 0.07962962962962963
5 0.07526041666666666 0.700925925925926 0.0484375 0.15925925925925927
1 0.3416666666666667 0.6342592592592593 0.11354166666666667 0.23333333333333334
5 0.07421875 0.7893518518518519 0.032552083333333336 0.11226851851851852
1 0.12630208333333334 0.5711805555555556 0.12369791666666667 0.12731481481481483
1 0.212890625 0.5434027777777778 0.09114583333333333 0.1388888888888889
1 0.054361979166666664 0.5295138888888888 0.06966145833333333 0.12731481481481483
5 0.7467447916666666 0.6527777777777778 0.0625 0.16550925925925927
3 0.751953125 0.7881944444444444 0.06640625 0.20717592592592593
2 0.9007161458333334 0.7395833333333334 0.169921875 0.29282407407407407
5 0.9514973958333334 0.7222222222222222 0.08528645833333333 0.22337962962962962
3 0.935546875 0.8738425925925926 0.09635416666666667 0.20023148148148148
2 0.6852213541666666 0.6464120370370371 0.095703125 0.11805555555555555
5 0.16080729166666666 0.8402777777777778 0.10416666666666667 0.29050925925925924
5 0.2744140625 0.8373842592592593 0.11263020833333333 0.3055555555555556
2 0.3346354166666667 0.6880787037037037 0.07161458333333333 0.10416666666666667