5 0.08828125 0.6930555555555555 0.05260416666666667 0.16203703703703703
1 0.31640625 0.5958333333333333 0.19114583333333332 0.3398148148148148
5 0.51484375 0.8569444444444444 0.20989583333333334 0.2824074074074074
5 0.16848958333333333 0.6958333333333333 0.0390625 0.16203703703703703
2 0.675 0.711574074074074 0.2 0.21574074074074073
5 0.20390625 0.6953703703703704 0.0453125 0.18333333333333332
2 0.61640625 0.7078703703703704 0.08177083333333333 0.20462962962962963
5 0.3623046875 0.8200231481481481 0.12565104166666666 0.32407407407407407
1 0.0869140625 0.6290509259259259 0.126953125 0.3333333333333333
1 0.4993489583333333 0.5520833333333334 0.13932291666666666 0.12152777777777778
5 0.6875 0.7615740740740741 0.14973958333333334 0.4386574074074074
5 0.873046875 0.6770833333333334 0.06770833333333333 0.15856481481481483
3 0.8684895833333334 0.8385416666666666 0.07291666666666667 0.27546296296296297
2 0.9606770833333333 0.8424189814814815 0.07760416666666667 0.31331018518518516
0 0.09440104166666667 0.7881944444444444 0.045572916666666664 0.1840277777777778
0 0.16731770833333334 0.7581018518518519 0.0390625 0.14467592592592593
0 0.20638020833333334 0.7679398148148148 0.04296875 0.1550925925925926