2 0.8185185185185185 0.8973958333333333 0.29259259259259257 0.203125
2 0.36342592592592593 0.87734375 0.25092592592592594 0.21927083333333333
2 0.6898148148148148 0.73515625 0.1685185185185185 0.1140625
2 0.07453703703703704 0.8776041666666666 0.14907407407407408 0.24270833333333333
2 0.4152777777777778 0.646875 0.12314814814814815 0.07708333333333334
2 0.4050925925925926 0.73515625 0.16574074074074074 0.1140625
2 0.15185185185185185 0.7057291666666666 0.20185185185185187 0.13125
2 0.42824074074074076 0.5869791666666667 0.09722222222222222 0.0625
2 0.26481481481481484 0.6153645833333333 0.11296296296296296 0.06614583333333333
2 0.2949074074074074 0.575 0.09537037037037037 0.05
2 0.6532407407407408 0.6265625 0.1287037037037037 0.09791666666666667
2 0.4648148148148148 0.5609375 0.07407407407407407 0.042708333333333334
2 0.34444444444444444 0.5328125 0.07222222222222222 0.03958333333333333
1 0.6050925925925926 0.5541666666666667 0.125 0.103125
2 0.47233514001806687 0.5329014227642276 0.04968383017163507 0.019054878048780567
2 0.4740289069557362 0.5144817073170731 0.05307136404697369 0.015243902439024381
2 0.36957994579945797 0.5122586382113821 0.04065040650406502 0.026041666666666668
2 0.3882113821138211 0.4982850609756097 0.030487804878048738 0.01587906504065041
2 0.4689476061427281 0.5014608739837398 0.05645889792231263 0.017149390243902416
2 0.3938572719060524 0.48939278455284546 0.03274616079494129 0.01460873983739841
2 0.41418247515808493 0.48050050813008127 0.03500451671183374 0.01587906504065041
2 0.4678184281842818 0.48431148373983735 0.03839205058717262 0.01460873983739841
1 0.5457317073170732 0.47923018292682923 0.07904245709123749 0.045096544715447176
2 0.4678184281842818 0.470655487804878 0.024841915085817616 0.012703252032520318
2 0.4271680216802168 0.46620934959349586 0.024841915085817456 0.01397357723577238