2 0.8185185185185185 0.8973958333333333 0.29259259259259257 0.203125
2 0.36342592592592593 0.8752604166666667 0.2490740740740741 0.21822916666666667
2 0.6907407407407408 0.7346354166666667 0.1685185185185185 0.11302083333333333
2 0.0763888888888889 0.8765625 0.1527777777777778 0.24479166666666666
2 0.40555555555555556 0.7348958333333333 0.16666666666666666 0.11458333333333333
2 0.4152777777777778 0.64765625 0.12314814814814815 0.0765625
2 0.2657407407407407 0.6140625 0.11296296296296296 0.06354166666666666
2 0.42777777777777776 0.5877604166666667 0.09814814814814815 0.0640625
2 0.15092592592592594 0.70625 0.2 0.13125
2 0.6537037037037037 0.6263020833333334 0.12777777777777777 0.09739583333333333
2 0.2953703703703704 0.5736979166666667 0.09444444444444444 0.0515625
2 0.34444444444444444 0.5333333333333333 0.07222222222222222 0.03958333333333333
2 0.462037037037037 0.56171875 0.07592592592592592 0.043229166666666666
2 0.3680555555555556 0.5177083333333333 0.05462962962962963 0.03229166666666667
1 0.6055555555555555 0.5546875 0.12407407407407407 0.10416666666666667
2 0.4700767841011744 0.5335365853658536 0.07452574525745263 0.024136178861788635
2 0.4745934959349593 0.5170223577235772 0.05871725383920508 0.012703252032520318
2 0.4717705510388437 0.5036839430894309 0.05081300813008135 0.02032520325203251
2 0.38538843721770555 0.49923780487804875 0.04065040650406502 0.019054878048780508
2 0.3944218608852755 0.48716971544715443 0.04516711833785002 0.012703252032520318
2 0.4700767841011743 0.48145325203252026 0.03387533875338762 0.011432926829268256
1 0.540650406504065 0.4785950203252032 0.0688798554652212 0.04382621951219511
2 0.43112014453477865 0.4668445121951219 0.037262872628726296 0.012703252032520318
2 0.41418247515808493 0.46906758130081294 0.03500451671183374 0.008257113821138222