2 0.7606481481481482 0.6606770833333333 0.0712962962962963 0.043229166666666666
2 0.4166666666666667 0.6661458333333333 0.1648148148148148 0.06458333333333334
7 0.6226851851851852 0.6565104166666667 0.13055555555555556 0.0703125
5 0.8055555555555556 0.6802083333333333 0.04259259259259259 0.09791666666666667
2 0.026851851851851852 0.684375 0.053703703703703705 0.090625
0 0.9636574074074075 0.7078125 0.07083333333333333 0.090625
0 0.8050925925925926 0.7057291666666666 0.05555555555555555 0.06354166666666666
7 0.3851851851851852 0.6361979166666667 0.27314814814814814 0.10572916666666667
2 0.7152777777777778 0.6486979166666667 0.07037037037037037 0.04739583333333333
1 0.8736111111111111 0.6458333333333334 0.10925925925925926 0.065625
2 0.1 0.64375 0.13240740740740742 0.04583333333333333