2 0.8194444444444444 0.89765625 0.29259259259259257 0.20260416666666667
2 0.3638888888888889 0.8765625 0.24814814814814815 0.215625
2 0.0763888888888889 0.87578125 0.1527777777777778 0.2453125
2 0.6800925925925926 0.7192708333333333 0.16018518518518518 0.10833333333333334
2 0.40694444444444444 0.72890625 0.16203703703703703 0.11302083333333333
2 0.16296296296296298 0.6947916666666667 0.1925925925925926 0.12604166666666666
2 0.41574074074074074 0.6471354166666666 0.12407407407407407 0.07447916666666667
2 0.2740740740740741 0.6067708333333334 0.10555555555555556 0.06145833333333333
2 0.4287037037037037 0.5877604166666667 0.0962962962962963 0.06302083333333333
2 0.3013888888888889 0.56796875 0.09351851851851851 0.04635416666666667
2 0.6541666666666667 0.6255208333333333 0.1287037037037037 0.09479166666666666
2 0.4638888888888889 0.5611979166666666 0.07407407407407407 0.043229166666666666
2 0.3458333333333333 0.5330729166666667 0.06944444444444445 0.0390625
1 0.6050925925925926 0.5545731707317074 0.12314814814814815 0.10416666666666667
2 0.4717705510388437 0.5373475609756097 0.06436314363143636 0.025406504065040636
2 0.4672538392050587 0.5182926829268292 0.0575880758807588 0.02159552845528457
2 0.36788617886178854 0.5141641260162602 0.059846431797651305 0.027311991869918728
2 0.3853884372177055 0.5036839430894309 0.056458897922312574 0.026676829268292696
2 0.4000677506775068 0.4887576219512194 0.056458897922312574 0.023501016260162603
2 0.4745934959349593 0.5052718495934959 0.05420054200541997 0.026041666666666668
2 0.4633017163504967 0.49225101626016254 0.038392050587172516 0.01397357723577238
2 0.47064137308039755 0.4855818089430894 0.037262872628726344 0.014608739837398351
1 0.5366982836495031 0.48050050813008127 0.06323396567299003 0.040015243902438984