2 0.263671875 0.9185185185185185 0.21901041666666668 0.16111111111111112
2 0.6778645833333333 0.8317129629629629 0.18333333333333332 0.2439814814814815
2 0.3294270833333333 0.7849537037037037 0.178125 0.24768518518518517
2 0.36770833333333336 0.6752314814814815 0.165625 0.2300925925925926
2 0.677734375 0.6467592592592593 0.16692708333333334 0.2222222222222222
2 0.6213541666666667 0.5761574074074074 0.12239583333333333 0.17731481481481481
2 0.35651041666666666 0.5479166666666667 0.13645833333333332 0.15231481481481482
6 0.3736979166666667 0.2569444444444444 0.023958333333333335 0.05092592592592592
2 0.10481770833333333 0.3414351851851852 0.06796875 0.10416666666666667
2 0.07734375 0.3599537037037037 0.08385416666666666 0.11342592592592593
7 0.647265625 0.4136574074074074 0.15182291666666667 0.25046296296296294
2 0.38229166666666664 0.4912037037037037 0.0921875 0.10833333333333334
2 0.44166666666666665 0.3282407407407407 0.06614583333333333 0.10740740740740741
2 0.6934895833333333 0.9685185185185186 0.1578125 0.06111111111111111
2 0.39505208333333336 0.41180555555555554 0.11510416666666666 0.13657407407407407
2 0.139453125 0.319212962962963 0.08307291666666666 0.0912037037037037
2 0.1921875 0.3127314814814815 0.0609375 0.08564814814814815
7 0.45846354166666664 0.2814814814814815 0.06640625 0.15925925925925927
1 0.5555989583333333 0.30324074074074076 0.06067708333333333 0.10740740740740741
2 0.72109375 0.3453703703703704 0.034895833333333334 0.09444444444444444
2 0.5661458333333333 0.37453703703703706 0.021875 0.10648148148148148
2 0.23645833333333333 0.30416666666666664 0.026041666666666668 0.06388888888888888
2 0.31171875 0.2796296296296296 0.019270833333333334 0.03148148148148148
2 0.3372395833333333 0.29305555555555557 0.0171875 0.026851851851851852
2 0.36276041666666664 0.31712962962962965 0.021354166666666667 0.030555555555555555
2 0.2828125 0.26064814814814813 0.020833333333333332 0.021296296296296296
2 0.2872395833333333 0.29444444444444445 0.021354166666666667 0.03333333333333333
2 0.315625 0.24953703703703703 0.015625 0.023148148148148147
2 0.33619791666666665 0.24814814814814815 0.015104166666666667 0.027777777777777776
2 0.3015625 0.24675925925925926 0.011458333333333333 0.023148148148148147
2 0.2828125 0.24166666666666667 0.015625 0.022222222222222223
2 0.26510416666666664 0.23287037037037037 0.016666666666666666 0.03611111111111111
2 0.2453125 0.22962962962962963 0.017708333333333333 0.027777777777777776
2 0.5947916666666667 0.2625 0.017708333333333333 0.028703703703703703
7 0.38177083333333334 0.2300925925925926 0.03958333333333333 0.058333333333333334