2 0.6654947916666667 0.9108796296296297 0.22057291666666667 0.1763888888888889
2 0.34661458333333334 0.7067129629629629 0.16302083333333334 0.2300925925925926
2 0.2950520833333333 0.8597222222222223 0.20052083333333334 0.2611111111111111
2 0.665234375 0.7379629629629629 0.16744791666666667 0.22037037037037038
2 0.37643229166666664 0.6210648148148148 0.15286458333333333 0.2125
2 0.615234375 0.5395833333333333 0.11536458333333334 0.16898148148148148
2 0.6674479166666667 0.5821759259259259 0.15260416666666668 0.18101851851851852
2 0.043229166666666666 0.38078703703703703 0.08645833333333333 0.12175925925925926
2 0.36015625 0.5094907407407407 0.128125 0.13657407407407407
1 0.6401041666666667 0.3849537037037037 0.14635416666666667 0.22546296296296298
2 0.07669270833333333 0.3574074074074074 0.07265625 0.11388888888888889
2 0.396875 0.39444444444444443 0.11145833333333334 0.12962962962962962
2 0.16888020833333334 0.3178240740740741 0.05859375 0.09027777777777778
2 0.12721354166666668 0.3282407407407407 0.06796875 0.09537037037037037
7 0.10481770833333333 0.25462962962962965 0.03984375 0.05462962962962963
6 0.37473958333333335 0.25787037037037036 0.023958333333333335 0.05
2 0.38828125 0.4738425925925926 0.08489583333333334 0.11898148148148148
7 0.4591145833333333 0.28055555555555556 0.06458333333333334 0.15555555555555556
2 0.22433943089430894 0.30352303523035234 0.021595528455284542 0.0711382113821138
7 0.5511305894308942 0.29392502258355924 0.04890752032520324 0.07678410117434509
2 0.5749491869918698 0.3599819331526649 0.03175813008130082 0.09146341463414631
2 0.27483485772357724 0.2916666666666667 0.017149390243902416 0.05194218608852752
2 0.3091336382113821 0.27755194218608853 0.017149390243902416 0.019196025293586234
2 0.3348577235772358 0.2905374887082204 0.017784552845528444 0.02032520325203251
2 0.35359502032520324 0.30860433604336046 0.0222306910569106 0.024841915085817564
2 0.3097688008130081 0.24988708220415537 0.017149390243902475 0.02710027100271009
2 0.3256478658536585 0.2414182475158085 0.019690040650406478 0.025971093044263788
2 0.27737550813008127 0.2419828364950316 0.02096036585365848 0.024841915085817536
2 0.29516006097560976 0.24649954832881665 0.009527439024390284 0.02935862691960259
2 0.40536077235772355 0.2843270099367661 0.011432926829268315 0.023712737127371233
2 0.34724339430894313 0.26004968383017163 0.017149390243902416 0.02710027100271001
2 0.25990853658536583 0.2261743450767841 0.015243902439024381 0.03161698283649507
2 0.7153201219512195 0.3272357723577236 0.03429878048780483 0.10501355013550132