2 0.4375 0.6388888888888888 0.17291666666666666 0.22962962962962963
2 0.6614583333333334 0.7518518518518519 0.321875 0.4648148148148148
2 0.4940104166666667 0.5574074074074075 0.08177083333333333 0.1111111111111111
2 0.9653645833333333 0.7606481481481482 0.0671875 0.36203703703703705
7 0.7546875 0.48194444444444445 0.30625 0.4101851851851852
2 0.309375 0.5347222222222222 0.07604166666666666 0.11388888888888889
2 0.4739583333333333 0.5 0.075 0.044444444444444446
6 0.42877604166666666 0.1337962962962963 0.023958333333333335 0.08611111111111111
2 0.37057291666666664 0.525 0.0578125 0.09259259259259259
2 0.56484375 0.524074074074074 0.06197916666666667 0.06851851851851852
7 0.5216145833333333 0.48148148148148145 0.07552083333333333 0.1037037037037037
4 0.15911458333333334 0.6083333333333333 0.03697916666666667 0.09259259259259259