1 0.12582345191040845 0.3459715639810427 0.2516469038208169 0.4312796208530806
1 0.8412384716732543 0.41350710900473936 0.15942028985507245 0.2677725118483412
7 0.30237154150197626 0.6315165876777251 0.28063241106719367 0.7274881516587678
7 0.7108036890645586 0.5580568720379147 0.22002635046113306 0.518957345971564
5 0.5487483530961792 0.7618483412322274 0.04743083003952569 0.27488151658767773
3 0.47035573122529645 0.6966824644549763 0.05138339920948617 0.15876777251184834
5 0.47035573122529645 0.5675355450236966 0.06982872200263504 0.13270142180094788
5 0.4795783926218709 0.46800947867298576 0.05928853754940711 0.11848341232227488
5 0.5500658761528326 0.30924170616113744 0.03689064558629776 0.14218009478672985
5 0.6884057971014492 0.3767772511848341 0.028985507246376812 0.07819905213270142
5 0.9453227931488801 0.4372037914691943 0.039525691699604744 0.1848341232227488
7 0.4901185770750988 0.23933649289099526 0.08827404479578392 0.2109004739336493
5 0.5138339920948617 0.29976303317535546 0.022397891963109356 0.10900473933649289
2 0.6238471673254282 0.19786729857819904 0.10013175230566534 0.15639810426540285
7 0.3801054018445323 0.2156398104265403 0.10540184453227931 0.15402843601895735