2 0.06779661016949153 0.868455497382199 0.13559322033898305 0.2604712041884817
5 0.2457627118644068 0.8383507853403142 0.09517601043024772 0.23167539267015708
2 0.13754889178617993 0.849476439790576 0.18383311603650587 0.20418848167539266
5 0.7640156453715776 0.7807591623036649 0.08344198174706649 0.1505235602094241
5 0.37809647979139505 0.8272251308900523 0.041720990873533245 0.1649214659685864
2 0.9022164276401564 0.7761780104712042 0.07822685788787484 0.060209424083769635
2 0.6962190352020861 0.7899214659685864 0.09126466753585398 0.13481675392670156
2 0.5410691003911343 0.81282722513089 0.29726205997392435 0.2774869109947644
3 0.7627118644067796 0.8448952879581152 0.07822685788787484 0.10340314136125654
2 0.8585397653194263 0.7630890052356021 0.04041720990873533 0.04712041884816754
5 0.2900912646675359 0.7840314136125655 0.03780964797913951 0.07068062827225131
5 0.9863102998696219 0.7630890052356021 0.024771838331160364 0.04450261780104712
2 0.23402868318122555 0.8075916230366492 0.23598435462842243 0.193717277486911
0 0.2985658409387223 0.8736910994764397 0.06910039113428944 0.11518324607329843