2 0.6941391941391941 0.878096479791395 0.1623931623931624 0.196870925684485
2 0.684981684981685 0.8239895697522817 0.3125763125763126 0.2607561929595828
2 0.9224664224664225 0.8520208604954368 0.15018315018315018 0.08213820078226858
2 0.040293040293040296 0.8950456323337679 0.08058608058608059 0.2046936114732725
2 0.09523809523809523 0.9080834419817471 0.14163614163614163 0.18122555410691005
5 0.28083028083028083 0.8917861799217731 0.0757020757020757 0.2138200782268579
5 0.8113553113553114 0.8526727509778357 0.09401709401709402 0.1694915254237288
2 0.21184371184371184 0.9035202086049544 0.08180708180708181 0.18513689700130379
3 0.8217338217338217 0.9276401564537158 0.08547008547008547 0.12385919165580182
0 0.32905982905982906 0.9263363754889179 0.054945054945054944 0.10560625814863103
2 0.2442002442002442 0.8057366362451108 0.1684981684981685 0.06258148631029987