2 0.6557291666666667 0.8111111111111111 0.17604166666666668 0.28888888888888886
2 0.40989583333333335 0.850925925925926 0.203125 0.29074074074074074
2 0.8869791666666667 0.9083333333333333 0.221875 0.17962962962962964
2 0.3359375 0.6 0.171875 0.21481481481481482
2 0.24166666666666667 0.7898148148148149 0.20833333333333334 0.2796296296296296
2 0.6979166666666666 0.6296296296296297 0.13125 0.21851851851851853
2 0.853125 0.7175925925925926 0.15833333333333333 0.2351851851851852
1 0.8588541666666667 0.23796296296296296 0.28020833333333334 0.26481481481481484
2 0.4578125 0.6453703703703704 0.128125 0.17592592592592593
2 0.6364583333333333 0.9657407407407408 0.2125 0.06481481481481481
6 0.94375 0.3037037037037037 0.03958333333333333 0.18518518518518517
5 0.22447916666666667 0.9425925925925925 0.08020833333333334 0.1111111111111111
2 0.6880208333333333 0.12222222222222222 0.040625 0.05925925925925926
2 0.4078125 0.28055555555555556 0.13854166666666667 0.11666666666666667
5 0.22916666666666666 0.8611111111111112 0.07291666666666667 0.16666666666666666
5 0.5963541666666666 0.4527777777777778 0.034375 0.1
5 0.6828125 0.4444444444444444 0.03229166666666667 0.11296296296296296
5 0.7869791666666667 0.42962962962962964 0.03229166666666667 0.09814814814814815
5 0.8135416666666667 0.4962962962962963 0.04791666666666667 0.17592592592592593
3 0.5973958333333333 0.5388888888888889 0.053125 0.10185185185185185
3 0.6869791666666667 0.5120370370370371 0.07604166666666666 0.08148148148148149
3 0.8135416666666667 0.5296296296296297 0.04791666666666667 0.12407407407407407
3 0.7947916666666667 0.4648148148148148 0.052083333333333336 0.10555555555555556
5 0.6505208333333333 0.07962962962962963 0.017708333333333333 0.05740740740740741
2 0.7005208333333334 0.03425925925925926 0.028125 0.044444444444444446
2 0.7026041666666667 0.2935185185185185 0.07604166666666666 0.08518518518518518
2 0.7151041666666667 0.21574074074074073 0.06979166666666667 0.0962962962962963
3 0.22239583333333332 0.9175925925925926 0.10729166666666666 0.15185185185185185