2 0.409375 0.8518518518518519 0.20208333333333334 0.29259259259259257
2 0.6552083333333333 0.8111111111111111 0.175 0.28888888888888886
2 0.8869791666666667 0.9083333333333333 0.221875 0.17962962962962964
1 0.796875 0.2351851851851852 0.40208333333333335 0.2851851851851852
2 0.24166666666666667 0.7888888888888889 0.20833333333333334 0.2777777777777778
2 0.3359375 0.6 0.171875 0.21481481481481482
2 0.6989583333333333 0.6305555555555555 0.12916666666666668 0.22037037037037038
2 0.8505208333333333 0.7185185185185186 0.15520833333333334 0.23333333333333334
2 0.4578125 0.6453703703703704 0.128125 0.17592592592592593
2 0.6375 0.9657407407407408 0.20833333333333334 0.06481481481481481
5 0.61875 0.46574074074074073 0.041666666666666664 0.11666666666666667
5 0.22447916666666667 0.9388888888888889 0.08020833333333334 0.11481481481481481
6 0.9442708333333333 0.3037037037037037 0.03854166666666667 0.18518518518518517
5 0.23229166666666667 0.8648148148148148 0.06666666666666667 0.16296296296296298
5 0.8083333333333333 0.5212962962962963 0.052083333333333336 0.12777777777777777
2 0.5661458333333333 0.30277777777777776 0.05520833333333333 0.1
5 0.6864583333333333 0.43333333333333335 0.041666666666666664 0.10185185185185185
5 0.7817708333333333 0.43148148148148147 0.034375 0.09444444444444444
3 0.6265625 0.5046296296296297 0.06145833333333333 0.09259259259259259
3 0.6921875 0.4842592592592593 0.06354166666666666 0.09259259259259259
3 0.8098958333333334 0.5416666666666666 0.040625 0.10740740740740741
3 0.7817708333333333 0.47685185185185186 0.030208333333333334 0.09259259259259259
5 0.6447916666666667 0.0824074074074074 0.03125 0.06296296296296296
2 0.6869791666666667 0.09444444444444444 0.03229166666666667 0.06481481481481481
2 0.703125 0.024074074074074074 0.029166666666666667 0.027777777777777776