2 0.6552083333333333 0.8111111111111111 0.175 0.28888888888888886
2 0.40989583333333335 0.850925925925926 0.203125 0.29074074074074074
2 0.8864583333333333 0.9083333333333333 0.22083333333333333 0.17962962962962964
1 0.8182291666666667 0.2351851851851852 0.359375 0.2814814814814815
2 0.3359375 0.6 0.171875 0.21481481481481482
2 0.24166666666666667 0.7898148148148149 0.20833333333333334 0.2796296296296296
2 0.8505208333333333 0.7166666666666667 0.15520833333333334 0.23333333333333334
2 0.6989583333333333 0.6296296296296297 0.12916666666666668 0.21851851851851853
2 0.4578125 0.6453703703703704 0.128125 0.17592592592592593
2 0.6359375 0.9657407407407408 0.21145833333333333 0.06481481481481481
5 0.22447916666666667 0.9425925925925925 0.08020833333333334 0.10740740740740741
6 0.94375 0.30277777777777776 0.03958333333333333 0.18333333333333332
5 0.23125 0.8638888888888889 0.06875 0.16111111111111112
5 0.8104166666666667 0.524074074074074 0.052083333333333336 0.12962962962962962
5 0.215625 0.875 0.052083333333333336 0.09444444444444444
2 0.6088541666666667 0.3 0.04895833333333333 0.12777777777777777
2 0.2765625 0.28888888888888886 0.178125 0.12037037037037036
2 0.6895833333333333 0.11388888888888889 0.05 0.07037037037037037
2 0.7 0.030555555555555555 0.022916666666666665 0.040740740740740744
5 0.6458333333333334 0.07777777777777778 0.020833333333333332 0.05
5 0.6015625 0.45092592592592595 0.03229166666666667 0.07037037037037037
5 0.6255208333333333 0.46111111111111114 0.021875 0.1388888888888889
5 0.6869791666666667 0.4425925925925926 0.040625 0.09814814814814815
5 0.7859375 0.42592592592592593 0.03854166666666667 0.10925925925925926
3 0.6177083333333333 0.5064814814814815 0.05625 0.12222222222222222
3 0.690625 0.4888888888888889 0.0625 0.08703703703703704
3 0.7911458333333333 0.4648148148148148 0.059375 0.10185185185185185
3 0.8125 0.5398148148148149 0.06666666666666667 0.11481481481481481
3 0.225 0.9541666666666667 0.1 0.08796296296296297