2 0.40989583333333335 0.8518518518518519 0.203125 0.29259259259259257
2 0.6557291666666667 0.8111111111111111 0.17604166666666668 0.28888888888888886
2 0.8864583333333333 0.9083333333333333 0.22291666666666668 0.17962962962962964
1 0.8395833333333333 0.24259259259259258 0.31666666666666665 0.26296296296296295
2 0.3359375 0.5990740740740741 0.171875 0.21296296296296297
2 0.24114583333333334 0.7898148148148149 0.20729166666666668 0.2796296296296296
2 0.6984375 0.6296296296296297 0.13229166666666667 0.21851851851851853
2 0.85 0.7166666666666667 0.15416666666666667 0.23333333333333334
2 0.4578125 0.6453703703703704 0.128125 0.17592592592592593
2 0.6354166666666666 0.9657407407407408 0.2125 0.06481481481481481
5 0.22447916666666667 0.9444444444444444 0.08020833333333334 0.10740740740740741
6 0.9453125 0.30462962962962964 0.040625 0.18333333333333332
5 0.23020833333333332 0.8638888888888889 0.07083333333333333 0.16111111111111112
2 0.653125 0.2935185185185185 0.07291666666666667 0.09444444444444444
5 0.21510416666666668 0.8759259259259259 0.051041666666666666 0.0962962962962963
3 0.22135416666666666 0.9157407407407407 0.109375 0.16296296296296298
3 0.6041666666666666 0.524074074074074 0.07083333333333333 0.09444444444444444
3 0.6864583333333333 0.5064814814814815 0.06041666666666667 0.08888888888888889
3 0.80625 0.5333333333333333 0.04791666666666667 0.1425925925925926
3 0.7942708333333334 0.47129629629629627 0.046875 0.1111111111111111
5 0.69375 0.45925925925925926 0.04583333333333333 0.12037037037037036
5 0.6109375 0.4546296296296296 0.04479166666666667 0.1111111111111111
5 0.78125 0.412962962962963 0.0375 0.08703703703703704
5 0.8083333333333333 0.4740740740740741 0.04791666666666667 0.12037037037037036
5 0.6473958333333333 0.07685185185185185 0.019791666666666666 0.05555555555555555
2 0.6859375 0.10925925925925926 0.034375 0.07222222222222222
2 0.7 0.026851851851851852 0.022916666666666665 0.03333333333333333
2 0.37395833333333334 0.28425925925925927 0.07291666666666667 0.12222222222222222